10 0 1 1 2 2 0 2 3 2 4 2 5 2 6 2 7 2 8 2 9
10 0 1 1 2 2 0 2 3 2 4 2 5 2 6 2 7 2 8 8 9
10 0 1 1 2 2 0 2 3 2 4 2 5 2 6 2 7 7 8 7 9
10 0 1 1 2 2 0 2 3 2 4 2 5 2 6 2 7 7 8 8 9
10 0 1 1 2 2 0 2 3 2 4 2 5 2 6 6 7 2 8 8 9
10 0 1 1 2 2 0 2 3 2 4 2 5 2 6 6 7 6 8 6 9
10 0 1 1 2 2 0 2 3 2 4 2 5 2 6 6 7 6 8 8 9
10 0 1 1 2 2 0 2 3 2 4 2 5 2 6 6 7 7 8 7 9
10 0 1 1 2 2 0 2 3 2 4 2 5 2 6 6 7 7 8 8 9
10 0 1 1 2 2 0 2 3 2 4 2 5 5 6 2 7 7 8 7 9
10 0 1 1 2 2 0 2 3 2 4 2 5 5 6 2 7 7 8 8 9
10 0 1 1 2 2 0 2 3 2 4 2 5 5 6 5 7 5 8 5 9
10 0 1 1 2 2 0 2 3 2 4 2 5 5 6 5 7 5 8 8 9
10 0 1 1 2 2 0 2 3 2 4 2 5 5 6 5 7 7 8 7 9
10 0 1 1 2 2 0 2 3 2 4 2 5 5 6 5 7 7 8 8 9
10 0 1 1 2 2 0 2 3 2 4 2 5 5 6 6 7 5 8 8 9
10 0 1 1 2 2 0 2 3 2 4 2 5 5 6 6 7 6 8 6 9
10 0 1 1 2 2 0 2 3 2 4 2 5 5 6 6 7 6 8 8 9
10 0 1 1 2 2 0 2 3 2 4 2 5 5 6 6 7 7 8 7 9
10 0 1 1 2 2 0 2 3 2 4 2 5 5 6 6 7 7 8 8 9
10 0 1 1 2 2 0 2 3 2 4 4 5 2 6 6 7 2 8 8 9
10 0 1 1 2 2 0 2 3 2 4 4 5 2 6 6 7 6 8 6 9
10 0 1 1 2 2 0 2 3 2 4 4 5 2 6 6 7 6 8 8 9
10 0 1 1 2 2 0 2 3 2 4 4 5 2 6 6 7 7 8 7 9
10 0 1 1 2 2 0 2 3 2 4 4 5 2 6 6 7 7 8 8 9
10 0 1 1 2 2 0 2 3 2 4 4 5 4 6 2 7 7 8 7 9
10 0 1 1 2 2 0 2 3 2 4 4 5 4 6 2 7 7 8 8 9
10 0 1 1 2 2 0 2 3 2 4 4 5 4 6 4 7 4 8 4 9
10 0 1 1 2 2 0 2 3 2 4 4 5 4 6 4 7 4 8 8 9
10 0 1 1 2 2 0 2 3 2 4 4 5 4 6 4 7 7 8 7 9
10 0 1 1 2 2 0 2 3 2 4 4 5 4 6 4 7 7 8 8 9
10 0 1 1 2 2 0 2 3 2 4 4 5 4 6 6 7 4 8 8 9
10 0 1 1 2 2 0 2 3 2 4 4 5 4 6 6 7 6 8 6 9
10 0 1 1 2 2 0 2 3 2 4 4 5 4 6 6 7 6 8 8 9
10 0 1 1 2 2 0 2 3 2 4 4 5 4 6 6 7 7 8 7 9
10 0 1 1 2 2 0 2 3 2 4 4 5 4 6 6 7 7 8 8 9
10 0 1 1 2 2 0 2 3 2 4 4 5 5 6 2 7 7 8 8 9
10 0 1 1 2 2 0 2 3 2 4 4 5 5 6 4 7 7 8 7 9
10 0 1 1 2 2 0 2 3 2 4 4 5 5 6 4 7 7 8 8 9
10 0 1 1 2 2 0 2 3 2 4 4 5 5 6 5 7 5 8 5 9
10 0 1 1 2 2 0 2 3 2 4 4 5 5 6 5 7 5 8 8 9
10 0 1 1 2 2 0 2 3 2 4 4 5 5 6 5 7 7 8 7 9
10 0 1 1 2 2 0 2 3 2 4 4 5 5 6 5 7 7 8 8 9
10 0 1 1 2 2 0 2 3 2 4 4 5 5 6 6 7 5 8 8 9
10 0 1 1 2 2 0 2 3 2 4 4 5 5 6 6 7 6 8 6 9
10 0 1 1 2 2 0 2 3 2 4 4 5 5 6 6 7 6 8 8 9
10 0 1 1 2 2 0 2 3 2 4 4 5 5 6 6 7 7 8 7 9
10 0 1 1 2 2 0 2 3 2 4 4 5 5 6 6 7 7 8 8 9
10 0 1 1 2 2 0 2 3 3 4 2 5 5 6 2 7 7 8 7 9
10 0 1 1 2 2 0 2 3 3 4 2 5 5 6 2 7 7 8 8 9
10 0 1 1 2 2 0 2 3 3 4 2 5 5 6 5 7 5 8 5 9
10 0 1 1 2 2 0 2 3 3 4 2 5 5 6 5 7 5 8 8 9
10 0 1 1 2 2 0 2 3 3 4 2 5 5 6 5 7 7 8 7 9
10 0 1 1 2 2 0 2 3 3 4 2 5 5 6 5 7 7 8 8 9
10 0 1 1 2 2 0 2 3 3 4 2 5 5 6 6 7 5 8 8 9
10 0 1 1 2 2 0 2 3 3 4 2 5 5 6 6 7 6 8 6 9
10 0 1 1 2 2 0 2 3 3 4 2 5 5 6 6 7 6 8 8 9
10 0 1 1 2 2 0 2 3 3 4 2 5 5 6 6 7 7 8 7 9
10 0 1 1 2 2 0 2 3 3 4 2 5 5 6 6 7 7 8 8 9
10 0 1 1 2 2 0 2 3 3 4 3 5 2 6 6 7 6 8 6 9
10 0 1 1 2 2 0 2 3 3 4 3 5 2 6 6 7 6 8 8 9
10 0 1 1 2 2 0 2 3 3 4 3 5 2 6 6 7 7 8 7 9
10 0 1 1 2 2 0 2 3 3 4 3 5 2 6 6 7 7 8 8 9
10 0 1 1 2 2 0 2 3 3 4 3 5 3 6 3 7 3 8 3 9
10 0 1 1 2 2 0 2 3 3 4 3 5 3 6 3 7 3 8 8 9
10 0 1 1 2 2 0 2 3 3 4 3 5 3 6 3 7 7 8 7 9
10 0 1 1 2 2 0 2 3 3 4 3 5 3 6 3 7 7 8 8 9
10 0 1 1 2 2 0 2 3 3 4 3 5 3 6 6 7 3 8 8 9
10 0 1 1 2 2 0 2 3 3 4 3 5 3 6 6 7 6 8 6 9
10 0 1 1 2 2 0 2 3 3 4 3 5 3 6 6 7 6 8 8 9
10 0 1 1 2 2 0 2 3 3 4 3 5 3 6 6 7 7 8 7 9
10 0 1 1 2 2 0 2 3 3 4 3 5 3 6 6 7 7 8 8 9
10 0 1 1 2 2 0 2 3 3 4 3 5 5 6 3 7 7 8 7 9
10 0 1 1 2 2 0 2 3 3 4 3 5 5 6 3 7 7 8 8 9
10 0 1 1 2 2 0 2 3 3 4 3 5 5 6 5 7 5 8 5 9
10 0 1 1 2 2 0 2 3 3 4 3 5 5 6 5 7 5 8 8 9
10 0 1 1 2 2 0 2 3 3 4 3 5 5 6 5 7 7 8 7 9
10 0 1 1 2 2 0 2 3 3 4 3 5 5 6 5 7 7 8 8 9
10 0 1 1 2 2 0 2 3 3 4 3 5 5 6 6 7 5 8 8 9
10 0 1 1 2 2 0 2 3 3 4 3 5 5 6 6 7 6 8 6 9
10 0 1 1 2 2 0 2 3 3 4 3 5 5 6 6 7 6 8 8 9
10 0 1 1 2 2 0 2 3 3 4 3 5 5 6 6 7 7 8 7 9
10 0 1 1 2 2 0 2 3 3 4 3 5 5 6 6 7 7 8 8 9
10 0 1 1 2 2 0 2 3 3 4 4 5 2 6 6 7 6 8 6 9
10 0 1 1 2 2 0 2 3 3 4 4 5 2 6 6 7 6 8 8 9
10 0 1 1 2 2 0 2 3 3 4 4 5 2 6 6 7 7 8 7 9
10 0 1 1 2 2 0 2 3 3 4 4 5 2 6 6 7 7 8 8 9
10 0 1 1 2 2 0 2 3 3 4 4 5 3 6 6 7 3 8 8 9
10 0 1 1 2 2 0 2 3 3 4 4 5 3 6 6 7 6 8 6 9
10 0 1 1 2 2 0 2 3 3 4 4 5 3 6 6 7 6 8 8 9
10 0 1 1 2 2 0 2 3 3 4 4 5 3 6 6 7 7 8 7 9
10 0 1 1 2 2 0 2 3 3 4 4 5 3 6 6 7 7 8 8 9
10 0 1 1 2 2 0 2 3 3 4 4 5 4 6 3 7 7 8 7 9
10 0 1 1 2 2 0 2 3 3 4 4 5 4 6 3 7 7 8 8 9
10 0 1 1 2 2 0 2 3 3 4 4 5 4 6 4 7 4 8 4 9
10 0 1 1 2 2 0 2 3 3 4 4 5 4 6 4 7 4 8 8 9
10 0 1 1 2 2 0 2 3 3 4 4 5 4 6 4 7 7 8 7 9
10 0 1 1 2 2 0 2 3 3 4 4 5 4 6 4 7 7 8 8 9
10 0 1 1 2 2 0 2 3 3 4 4 5 4 6 6 7 4 8 8 9
10 0 1 1 2 2 0 2 3 3 4 4 5 4 6 6 7 6 8 6 9
10 0 1 1 2 2 0 2 3 3 4 4 5 4 6 6 7 6 8 8 9
10 0 1 1 2 2 0 2 3 3 4 4 5 4 6 6 7 7 8 7 9
10 0 1 1 2 2 0 2 3 3 4 4 5 4 6 6 7 7 8 8 9
10 0 1 1 2 2 0 2 3 3 4 4 5 5 6 3 7 7 8 8 9
10 0 1 1 2 2 0 2 3 3 4 4 5 5 6 4 7 7 8 7 9
10 0 1 1 2 2 0 2 3 3 4 4 5 5 6 4 7 7 8 8 9
10 0 1 1 2 2 0 2 3 3 4 4 5 5 6 5 7 5 8 5 9
10 0 1 1 2 2 0 2 3 3 4 4 5 5 6 5 7 5 8 8 9
10 0 1 1 2 2 0 2 3 3 4 4 5 5 6 5 7 7 8 7 9
10 0 1 1 2 2 0 2 3 3 4 4 5 5 6 5 7 7 8 8 9
10 0 1 1 2 2 0 2 3 3 4 4 5 5 6 6 7 5 8 8 9
10 0 1 1 2 2 0 2 3 3 4 4 5 5 6 6 7 6 8 6 9
10 0 1 1 2 2 0 2 3 3 4 4 5 5 6 6 7 6 8 8 9
10 0 1 1 2 2 0 2 3 3 4 4 5 5 6 6 7 7 8 7 9
10 0 1 1 2 2 0 2 3 3 4 4 5 5 6 6 7 7 8 8 9
10 0 1 1 2 2 0 1 3 2 4 2 5 2 6 2 7 2 8 2 9
10 0 1 1 2 2 0 1 3 2 4 2 5 2 6 2 7 2 8 8 9
10 0 1 1 2 2 0 1 3 2 4 2 5 2 6 2 7 7 8 7 9
10 0 1 1 2 2 0 1 3 2 4 2 5 2 6 2 7 7 8 8 9
10 0 1 1 2 2 0 1 3 2 4 2 5 2 6 6 7 2 8 8 9
10 0 1 1 2 2 0 1 3 2 4 2 5 2 6 6 7 6 8 6 9
10 0 1 1 2 2 0 1 3 2 4 2 5 2 6 6 7 6 8 8 9
10 0 1 1 2 2 0 1 3 2 4 2 5 2 6 6 7 7 8 7 9
10 0 1 1 2 2 0 1 3 2 4 2 5 2 6 6 7 7 8 8 9
10 0 1 1 2 2 0 1 3 2 4 2 5 5 6 2 7 7 8 7 9
10 0 1 1 2 2 0 1 3 2 4 2 5 5 6 2 7 7 8 8 9
10 0 1 1 2 2 0 1 3 2 4 2 5 5 6 5 7 5 8 5 9
10 0 1 1 2 2 0 1 3 2 4 2 5 5 6 5 7 5 8 8 9
10 0 1 1 2 2 0 1 3 2 4 2 5 5 6 5 7 7 8 7 9
10 0 1 1 2 2 0 1 3 2 4 2 5 5 6 5 7 7 8 8 9
10 0 1 1 2 2 0 1 3 2 4 2 5 5 6 6 7 5 8 8 9
10 0 1 1 2 2 0 1 3 2 4 2 5 5 6 6 7 6 8 6 9
10 0 1 1 2 2 0 1 3 2 4 2 5 5 6 6 7 6 8 8 9
10 0 1 1 2 2 0 1 3 2 4 2 5 5 6 6 7 7 8 7 9
10 0 1 1 2 2 0 1 3 2 4 2 5 5 6 6 7 7 8 8 9
10 0 1 1 2 2 0 1 3 2 4 4 5 2 6 6 7 2 8 8 9
10 0 1 1 2 2 0 1 3 2 4 4 5 2 6 6 7 6 8 6 9
10 0 1 1 2 2 0 1 3 2 4 4 5 2 6 6 7 6 8 8 9
10 0 1 1 2 2 0 1 3 2 4 4 5 2 6 6 7 7 8 7 9
10 0 1 1 2 2 0 1 3 2 4 4 5 2 6 6 7 7 8 8 9
10 0 1 1 2 2 0 1 3 2 4 4 5 4 6 2 7 7 8 7 9
10 0 1 1 2 2 0 1 3 2 4 4 5 4 6 2 7 7 8 8 9
10 0 1 1 2 2 0 1 3 2 4 4 5 4 6 4 7 4 8 4 9
10 0 1 1 2 2 0 1 3 2 4 4 5 4 6 4 7 4 8 8 9
10 0 1 1 2 2 0 1 3 2 4 4 5 4 6 4 7 7 8 7 9
10 0 1 1 2 2 0 1 3 2 4 4 5 4 6 4 7 7 8 8 9
10 0 1 1 2 2 0 1 3 2 4 4 5 4 6 6 7 4 8 8 9
10 0 1 1 2 2 0 1 3 2 4 4 5 4 6 6 7 6 8 6 9
10 0 1 1 2 2 0 1 3 2 4 4 5 4 6 6 7 6 8 8 9
10 0 1 1 2 2 0 1 3 2 4 4 5 4 6 6 7 7 8 7 9
10 0 1 1 2 2 0 1 3 2 4 4 5 4 6 6 7 7 8 8 9
10 0 1 1 2 2 0 1 3 2 4 4 5 5 6 2 7 7 8 8 9
10 0 1 1 2 2 0 1 3 2 4 4 5 5 6 4 7 7 8 7 9
10 0 1 1 2 2 0 1 3 2 4 4 5 5 6 4 7 7 8 8 9
10 0 1 1 2 2 0 1 3 2 4 4 5 5 6 5 7 5 8 5 9
10 0 1 1 2 2 0 1 3 2 4 4 5 5 6 5 7 5 8 8 9
10 0 1 1 2 2 0 1 3 2 4 4 5 5 6 5 7 7 8 7 9
10 0 1 1 2 2 0 1 3 2 4 4 5 5 6 5 7 7 8 8 9
10 0 1 1 2 2 0 1 3 2 4 4 5 5 6 6 7 5 8 8 9
10 0 1 1 2 2 0 1 3 2 4 4 5 5 6 6 7 6 8 6 9
10 0 1 1 2 2 0 1 3 2 4 4 5 5 6 6 7 6 8 8 9
10 0 1 1 2 2 0 1 3 2 4 4 5 5 6 6 7 7 8 7 9
10 0 1 1 2 2 0 1 3 2 4 4 5 5 6 6 7 7 8 8 9
10 0 1 1 2 2 0 1 3 1 4 2 5 2 6 2 7 2 8 2 9
10 0 1 1 2 2 0 1 3 1 4 2 5 2 6 2 7 2 8 8 9
10 0 1 1 2 2 0 1 3 1 4 2 5 2 6 2 7 7 8 7 9
10 0 1 1 2 2 0 1 3 1 4 2 5 2 6 2 7 7 8 8 9
10 0 1 1 2 2 0 1 3 1 4 2 5 2 6 6 7 2 8 8 9
10 0 1 1 2 2 0 1 3 1 4 2 5 2 6 6 7 6 8 6 9
10 0 1 1 2 2 0 1 3 1 4 2 5 2 6 6 7 6 8 8 9
10 0 1 1 2 2 0 1 3 1 4 2 5 2 6 6 7 7 8 7 9
10 0 1 1 2 2 0 1 3 1 4 2 5 2 6 6 7 7 8 8 9
10 0 1 1 2 2 0 1 3 1 4 2 5 5 6 2 7 7 8 7 9
10 0 1 1 2 2 0 1 3 1 4 2 5 5 6 2 7 7 8 8 9
10 0 1 1 2 2 0 1 3 1 4 2 5 5 6 5 7 5 8 5 9
10 0 1 1 2 2 0 1 3 1 4 2 5 5 6 5 7 5 8 8 9
10 0 1 1 2 2 0 1 3 1 4 2 5 5 6 5 7 7 8 7 9
10 0 1 1 2 2 0 1 3 1 4 2 5 5 6 5 7 7 8 8 9
10 0 1 1 2 2 0 1 3 1 4 2 5 5 6 6 7 5 8 8 9
10 0 1 1 2 2 0 1 3 1 4 2 5 5 6 6 7 6 8 6 9
10 0 1 1 2 2 0 1 3 1 4 2 5 5 6 6 7 6 8 8 9
10 0 1 1 2 2 0 1 3 1 4 2 5 5 6 6 7 7 8 7 9
10 0 1 1 2 2 0 1 3 1 4 2 5 5 6 6 7 7 8 8 9
10 0 1 1 2 2 0 1 3 3 4 2 5 5 6 2 7 7 8 7 9
10 0 1 1 2 2 0 1 3 3 4 2 5 5 6 2 7 7 8 8 9
10 0 1 1 2 2 0 1 3 3 4 2 5 5 6 5 7 5 8 5 9
10 0 1 1 2 2 0 1 3 3 4 2 5 5 6 5 7 5 8 8 9
10 0 1 1 2 2 0 1 3 3 4 2 5 5 6 5 7 7 8 7 9
10 0 1 1 2 2 0 1 3 3 4 2 5 5 6 5 7 7 8 8 9
10 0 1 1 2 2 0 1 3 3 4 2 5 5 6 6 7 5 8 8 9
10 0 1 1 2 2 0 1 3 3 4 2 5 5 6 6 7 6 8 6 9
10 0 1 1 2 2 0 1 3 3 4 2 5 5 6 6 7 6 8 8 9
10 0 1 1 2 2 0 1 3 3 4 2 5 5 6 6 7 7 8 7 9
10 0 1 1 2 2 0 1 3 3 4 2 5 5 6 6 7 7 8 8 9
10 0 1 1 2 2 0 1 3 1 4 1 5 2 6 2 7 2 8 2 9
10 0 1 1 2 2 0 1 3 1 4 1 5 2 6 2 7 2 8 8 9
10 0 1 1 2 2 0 1 3 1 4 1 5 2 6 2 7 7 8 7 9
10 0 1 1 2 2 0 1 3 1 4 1 5 2 6 2 7 7 8 8 9
10 0 1 1 2 2 0 1 3 1 4 1 5 2 6 6 7 2 8 8 9
10 0 1 1 2 2 0 1 3 1 4 1 5 2 6 6 7 6 8 6 9
10 0 1 1 2 2 0 1 3 1 4 1 5 2 6 6 7 6 8 8 9
10 0 1 1 2 2 0 1 3 1 4 1 5 2 6 6 7 7 8 7 9
10 0 1 1 2 2 0 1 3 1 4 1 5 2 6 6 7 7 8 8 9
10 0 1 1 2 2 0 1 3 1 4 4 5 2 6 2 7 7 8 7 9
10 0 1 1 2 2 0 1 3 1 4 4 5 2 6 2 7 7 8 8 9
10 0 1 1 2 2 0 1 3 1 4 4 5 2 6 6 7 2 8 8 9
10 0 1 1 2 2 0 1 3 1 4 4 5 2 6 6 7 6 8 6 9
10 0 1 1 2 2 0 1 3 1 4 4 5 2 6 6 7 6 8 8 9
10 0 1 1 2 2 0 1 3 1 4 4 5 2 6 6 7 7 8 7 9
10 0 1 1 2 2 0 1 3 1 4 4 5 2 6 6 7 7 8 8 9
10 0 1 1 2 2 0 1 3 3 4 3 5 2 6 6 7 6 8 6 9
10 0 1 1 2 2 0 1 3 3 4 3 5 2 6 6 7 6 8 8 9
10 0 1 1 2 2 0 1 3 3 4 3 5 2 6 6 7 7 8 7 9
10 0 1 1 2 2 0 1 3 3 4 3 5 2 6 6 7 7 8 8 9
10 0 1 1 2 2 0 1 3 3 4 4 5 2 6 6 7 7 8 7 9
10 0 1 1 2 2 0 1 3 3 4 4 5 2 6 6 7 7 8 8 9
10 0 1 1 2 2 0 1 3 1 4 1 5 1 6 2 7 2 8 8 9
10 0 1 1 2 2 0 1 3 1 4 1 5 1 6 2 7 7 8 7 9
10 0 1 1 2 2 0 1 3 1 4 1 5 1 6 2 7 7 8 8 9
10 0 1 1 2 2 0 1 3 1 4 1 5 5 6 2 7 2 8 8 9
10 0 1 1 2 2 0 1 3 1 4 1 5 5 6 2 7 7 8 7 9
10 0 1 1 2 2 0 1 3 1 4 1 5 5 6 2 7 7 8 8 9
10 0 1 1 2 2 0 1 3 1 4 4 5 4 6 2 7 7 8 7 9
10 0 1 1 2 2 0 1 3 1 4 4 5 4 6 2 7 7 8 8 9
10 0 1 1 2 2 0 1 3 1 4 4 5 5 6 2 7 7 8 7 9
10 0 1 1 2 2 0 1 3 1 4 4 5 5 6 2 7 7 8 8 9
10 0 1 1 2 2 0 1 3 3 4 1 5 5 6 2 7 7 8 7 9
10 0 1 1 2 2 0 1 3 3 4 1 5 5 6 2 7 7 8 8 9
10 0 1 1 2 2 0 1 3 3 4 3 5 3 6 2 7 7 8 8 9
10 0 1 1 2 2 0 1 3 3 4 3 5 5 6 2 7 7 8 8 9
10 0 1 1 2 2 0 1 3 1 4 1 5 1 6 1 7 2 8 8 9
10 0 1 1 2 2 0 1 3 1 4 1 5 1 6 6 7 2 8 8 9
10 0 1 1 2 2 0 1 3 1 4 1 5 5 6 5 7 2 8 8 9
10 0 1 1 2 2 0 1 3 1 4 1 5 5 6 6 7 2 8 8 9
10 0 1 1 2 2 0 1 3 1 4 4 5 1 6 6 7 2 8 8 9
10 0 1 1 2 2 0 1 3 1 4 4 5 4 6 4 7 2 8 8 9
10 0 1 1 2 2 0 1 3 1 4 4 5 4 6 6 7 2 8 8 9
10 0 1 1 2 2 0 1 3 1 4 4 5 5 6 5 7 2 8 8 9
10 0 1 1 2 2 0 1 3 1 4 4 5 5 6 6 7 2 8 8 9
10 0 1 1 2 2 0 0 3 1 4 2 5 2 6 2 7 2 8 2 9
10 0 1 1 2 2 0 0 3 1 4 2 5 2 6 2 7 2 8 8 9
10 0 1 1 2 2 0 0 3 1 4 2 5 2 6 2 7 7 8 7 9
10 0 1 1 2 2 0 0 3 1 4 2 5 2 6 2 7 7 8 8 9
10 0 1 1 2 2 0 0 3 1 4 2 5 2 6 6 7 2 8 8 9
10 0 1 1 2 2 0 0 3 1 4 2 5 2 6 6 7 6 8 6 9
10 0 1 1 2 2 0 0 3 1 4 2 5 2 6 6 7 6 8 8 9
10 0 1 1 2 2 0 0 3 1 4 2 5 2 6 6 7 7 8 7 9
10 0 1 1 2 2 0 0 3 1 4 2 5 2 6 6 7 7 8 8 9
10 0 1 1 2 2 0 0 3 1 4 2 5 5 6 2 7 7 8 7 9
10 0 1 1 2 2 0 0 3 1 4 2 5 5 6 2 7 7 8 8 9
10 0 1 1 2 2 0 0 3 1 4 2 5 5 6 5 7 5 8 5 9
10 0 1 1 2 2 0 0 3 1 4 2 5 5 6 5 7 5 8 8 9
10 0 1 1 2 2 0 0 3 1 4 2 5 5 6 5 7 7 8 7 9
10 0 1 1 2 2 0 0 3 1 4 2 5 5 6 5 7 7 8 8 9
10 0 1 1 2 2 0 0 3 1 4 2 5 5 6 6 7 5 8 8 9
10 0 1 1 2 2 0 0 3 1 4 2 5 5 6 6 7 6 8 6 9
10 0 1 1 2 2 0 0 3 1 4 2 5 5 6 6 7 6 8 8 9
10 0 1 1 2 2 0 0 3 1 4 2 5 5 6 6 7 7 8 7 9
10 0 1 1 2 2 0 0 3 1 4 2 5 5 6 6 7 7 8 8 9
10 0 1 1 2 2 0 0 3 1 4 1 5 2 6 2 7 2 8 2 9
10 0 1 1 2 2 0 0 3 1 4 1 5 2 6 2 7 2 8 8 9
10 0 1 1 2 2 0 0 3 1 4 1 5 2 6 2 7 7 8 7 9
10 0 1 1 2 2 0 0 3 1 4 1 5 2 6 2 7 7 8 8 9
10 0 1 1 2 2 0 0 3 1 4 1 5 2 6 6 7 2 8 8 9
10 0 1 1 2 2 0 0 3 1 4 1 5 2 6 6 7 6 8 6 9
10 0 1 1 2 2 0 0 3 1 4 1 5 2 6 6 7 6 8 8 9
10 0 1 1 2 2 0 0 3 1 4 1 5 2 6 6 7 7 8 7 9
10 0 1 1 2 2 0 0 3 1 4 1 5 2 6 6 7 7 8 8 9
10 0 1 1 2 2 0 0 3 1 4 4 5 2 6 6 7 2 8 8 9
10 0 1 1 2 2 0 0 3 1 4 4 5 2 6 6 7 6 8 6 9
10 0 1 1 2 2 0 0 3 1 4 4 5 2 6 6 7 6 8 8 9
10 0 1 1 2 2 0 0 3 1 4 4 5 2 6 6 7 7 8 7 9
10 0 1 1 2 2 0 0 3 1 4 4 5 2 6 6 7 7 8 8 9
10 0 1 1 2 2 0 0 3 1 4 1 5 1 6 2 7 2 8 2 9
10 0 1 1 2 2 0 0 3 1 4 1 5 1 6 2 7 2 8 8 9
10 0 1 1 2 2 0 0 3 1 4 1 5 1 6 2 7 7 8 7 9
10 0 1 1 2 2 0 0 3 1 4 1 5 1 6 2 7 7 8 8 9
10 0 1 1 2 2 0 0 3 1 4 1 5 5 6 2 7 2 8 8 9
10 0 1 1 2 2 0 0 3 1 4 1 5 5 6 2 7 7 8 7 9
10 0 1 1 2 2 0 0 3 1 4 1 5 5 6 2 7 7 8 8 9
10 0 1 1 2 2 0 0 3 1 4 4 5 4 6 2 7 7 8 7 9
10 0 1 1 2 2 0 0 3 1 4 4 5 4 6 2 7 7 8 8 9
10 0 1 1 2 2 0 0 3 1 4 4 5 5 6 2 7 7 8 8 9
10 0 1 1 2 2 0 0 3 1 4 1 5 1 6 1 7 2 8 8 9
10 0 1 1 2 2 0 0 3 1 4 1 5 1 6 6 7 2 8 8 9
10 0 1 1 2 2 0 0 3 1 4 1 5 5 6 5 7 2 8 8 9
10 0 1 1 2 2 0 0 3 1 4 1 5 5 6 6 7 2 8 8 9
10 0 1 1 2 2 0 0 3 0 4 1 5 1 6 2 7 2 8 2 9
10 0 1 1 2 2 0 0 3 0 4 1 5 1 6 2 7 2 8 8 9
10 0 1 1 2 2 0 0 3 0 4 1 5 1 6 2 7 7 8 7 9
10 0 1 1 2 2 0 0 3 0 4 1 5 1 6 2 7 7 8 8 9
10 0 1 1 2 2 0 0 3 0 4 1 5 5 6 2 7 7 8 7 9
10 0 1 1 2 2 0 0 3 0 4 1 5 5 6 2 7 7 8 8 9
10 0 1 1 2 2 0 0 3 0 4 1 5 1 6 1 7 2 8 8 9
10 0 1 1 2 2 0 0 3 0 4 1 5 1 6 6 7 2 8 8 9
10 0 1 1 2 2 0 0 3 3 4 1 5 5 6 2 7 7 8 7 9
10 0 1 1 2 2 0 0 3 3 4 1 5 5 6 2 7 7 8 8 9
10 0 1 1 2 2 0 0 3 0 4 0 5 1 6 6 7 2 8 8 9
10 0 1 1 2 2 0 0 3 0 4 4 5 1 6 6 7 2 8 8 9
10 0 1 1 2 2 3 3 0 3 4 3 5 3 6 3 7 3 8 3 9
10 0 1 1 2 2 3 3 0 3 4 3 5 3 6 3 7 3 8 8 9
10 0 1 1 2 2 3 3 0 3 4 3 5 3 6 3 7 7 8 7 9
10 0 1 1 2 2 3 3 0 3 4 3 5 3 6 3 7 7 8 8 9
10 0 1 1 2 2 3 3 0 3 4 3 5 3 6 6 7 3 8 8 9
10 0 1 1 2 2 3 3 0 3 4 3 5 3 6 6 7 6 8 6 9
10 0 1 1 2 2 3 3 0 3 4 3 5 3 6 6 7 6 8 8 9
10 0 1 1 2 2 3 3 0 3 4 3 5 3 6 6 7 7 8 7 9
10 0 1 1 2 2 3 3 0 3 4 3 5 3 6 6 7 7 8 8 9
10 0 1 1 2 2 3 3 0 3 4 3 5 5 6 3 7 7 8 7 9
10 0 1 1 2 2 3 3 0 3 4 3 5 5 6 3 7 7 8 8 9
10 0 1 1 2 2 3 3 0 3 4 3 5 5 6 5 7 5 8 5 9
10 0 1 1 2 2 3 3 0 3 4 3 5 5 6 5 7 5 8 8 9
10 0 1 1 2 2 3 3 0 3 4 3 5 5 6 5 7 7 8 7 9
10 0 1 1 2 2 3 3 0 3 4 3 5 5 6 5 7 7 8 8 9
10 0 1 1 2 2 3 3 0 3 4 3 5 5 6 6 7 5 8 8 9
10 0 1 1 2 2 3 3 0 3 4 3 5 5 6 6 7 6 8 6 9
10 0 1 1 2 2 3 3 0 3 4 3 5 5 6 6 7 6 8 8 9
10 0 1 1 2 2 3 3 0 3 4 3 5 5 6 6 7 7 8 7 9
10 0 1 1 2 2 3 3 0 3 4 3 5 5 6 6 7 7 8 8 9
10 0 1 1 2 2 3 3 0 3 4 4 5 3 6 6 7 3 8 8 9
10 0 1 1 2 2 3 3 0 3 4 4 5 3 6 6 7 6 8 6 9
10 0 1 1 2 2 3 3 0 3 4 4 5 3 6 6 7 6 8 8 9
10 0 1 1 2 2 3 3 0 3 4 4 5 3 6 6 7 7 8 7 9
10 0 1 1 2 2 3 3 0 3 4 4 5 3 6 6 7 7 8 8 9
10 0 1 1 2 2 3 3 0 3 4 4 5 4 6 3 7 7 8 7 9
10 0 1 1 2 2 3 3 0 3 4 4 5 4 6 3 7 7 8 8 9
10 0 1 1 2 2 3 3 0 3 4 4 5 4 6 4 7 4 8 4 9
10 0 1 1 2 2 3 3 0 3 4 4 5 4 6 4 7 4 8 8 9
10 0 1 1 2 2 3 3 0 3 4 4 5 4 6 4 7 7 8 7 9
10 0 1 1 2 2 3 3 0 3 4 4 5 4 6 4 7 7 8 8 9
10 0 1 1 2 2 3 3 0 3 4 4 5 4 6 6 7 4 8 8 9
10 0 1 1 2 2 3 3 0 3 4 4 5 4 6 6 7 6 8 6 9
10 0 1 1 2 2 3 3 0 3 4 4 5 4 6 6 7 6 8 8 9
10 0 1 1 2 2 3 3 0 3 4 4 5 4 6 6 7 7 8 7 9
10 0 1 1 2 2 3 3 0 3 4 4 5 4 6 6 7 7 8 8 9
10 0 1 1 2 2 3 3 0 3 4 4 5 5 6 3 7 7 8 8 9
10 0 1 1 2 2 3 3 0 3 4 4 5 5 6 4 7 7 8 7 9
10 0 1 1 2 2 3 3 0 3 4 4 5 5 6 4 7 7 8 8 9
10 0 1 1 2 2 3 3 0 3 4 4 5 5 6 5 7 5 8 5 9
10 0 1 1 2 2 3 3 0 3 4 4 5 5 6 5 7 5 8 8 9
10 0 1 1 2 2 3 3 0 3 4 4 5 5 6 5 7 7 8 7 9
10 0 1 1 2 2 3 3 0 3 4 4 5 5 6 5 7 7 8 8 9
10 0 1 1 2 2 3 3 0 3 4 4 5 5 6 6 7 5 8 8 9
10 0 1 1 2 2 3 3 0 3 4 4 5 5 6 6 7 6 8 6 9
10 0 1 1 2 2 3 3 0 3 4 4 5 5 6 6 7 6 8 8 9
10 0 1 1 2 2 3 3 0 3 4 4 5 5 6 6 7 7 8 7 9
10 0 1 1 2 2 3 3 0 3 4 4 5 5 6 6 7 7 8 8 9
10 0 1 1 2 2 3 3 0 2 4 3 5 3 6 3 7 3 8 3 9
10 0 1 1 2 2 3 3 0 2 4 3 5 3 6 3 7 3 8 8 9
10 0 1 1 2 2 3 3 0 2 4 3 5 3 6 3 7 7 8 7 9
10 0 1 1 2 2 3 3 0 2 4 3 5 3 6 3 7 7 8 8 9
10 0 1 1 2 2 3 3 0 2 4 3 5 3 6 6 7 3 8 8 9
10 0 1 1 2 2 3 3 0 2 4 3 5 3 6 6 7 6 8 6 9
10 0 1 1 2 2 3 3 0 2 4 3 5 3 6 6 7 6 8 8 9
10 0 1 1 2 2 3 3 0 2 4 3 5 3 6 6 7 7 8 7 9
10 0 1 1 2 2 3 3 0 2 4 3 5 3 6 6 7 7 8 8 9
10 0 1 1 2 2 3 3 0 2 4 3 5 5 6 3 7 7 8 7 9
10 0 1 1 2 2 3 3 0 2 4 3 5 5 6 3 7 7 8 8 9
10 0 1 1 2 2 3 3 0 2 4 3 5 5 6 5 7 5 8 5 9
10 0 1 1 2 2 3 3 0 2 4 3 5 5 6 5 7 5 8 8 9
10 0 1 1 2 2 3 3 0 2 4 3 5 5 6 5 7 7 8 7 9
10 0 1 1 2 2 3 3 0 2 4 3 5 5 6 5 7 7 8 8 9
10 0 1 1 2 2 3 3 0 2 4 3 5 5 6 6 7 5 8 8 9
10 0 1 1 2 2 3 3 0 2 4 3 5 5 6 6 7 6 8 6 9
10 0 1 1 2 2 3 3 0 2 4 3 5 5 6 6 7 6 8 8 9
10 0 1 1 2 2 3 3 0 2 4 3 5 5 6 6 7 7 8 7 9
10 0 1 1 2 2 3 3 0 2 4 3 5 5 6 6 7 7 8 8 9
10 0 1 1 2 2 3 3 0 2 4 2 5 3 6 3 7 3 8 3 9
10 0 1 1 2 2 3 3 0 2 4 2 5 3 6 3 7 3 8 8 9
10 0 1 1 2 2 3 3 0 2 4 2 5 3 6 3 7 7 8 7 9
10 0 1 1 2 2 3 3 0 2 4 2 5 3 6 3 7 7 8 8 9
10 0 1 1 2 2 3 3 0 2 4 2 5 3 6 6 7 3 8 8 9
10 0 1 1 2 2 3 3 0 2 4 2 5 3 6 6 7 6 8 6 9
10 0 1 1 2 2 3 3 0 2 4 2 5 3 6 6 7 6 8 8 9
10 0 1 1 2 2 3 3 0 2 4 2 5 3 6 6 7 7 8 7 9
10 0 1 1 2 2 3 3 0 2 4 2 5 3 6 6 7 7 8 8 9
10 0 1 1 2 2 3 3 0 2 4 4 5 3 6 6 7 3 8 8 9
10 0 1 1 2 2 3 3 0 2 4 4 5 3 6 6 7 6 8 6 9
10 0 1 1 2 2 3 3 0 2 4 4 5 3 6 6 7 6 8 8 9
10 0 1 1 2 2 3 3 0 2 4 4 5 3 6 6 7 7 8 7 9
10 0 1 1 2 2 3 3 0 2 4 4 5 3 6 6 7 7 8 8 9
10 0 1 1 2 2 3 3 0 2 4 2 5 2 6 3 7 3 8 3 9
10 0 1 1 2 2 3 3 0 2 4 2 5 2 6 3 7 3 8 8 9
10 0 1 1 2 2 3 3 0 2 4 2 5 2 6 3 7 7 8 7 9
10 0 1 1 2 2 3 3 0 2 4 2 5 2 6 3 7 7 8 8 9
10 0 1 1 2 2 3 3 0 2 4 2 5 5 6 3 7 3 8 8 9
10 0 1 1 2 2 3 3 0 2 4 2 5 5 6 3 7 7 8 7 9
10 0 1 1 2 2 3 3 0 2 4 2 5 5 6 3 7 7 8 8 9
10 0 1 1 2 2 3 3 0 2 4 4 5 4 6 3 7 7 8 7 9
10 0 1 1 2 2 3 3 0 2 4 4 5 4 6 3 7 7 8 8 9
10 0 1 1 2 2 3 3 0 2 4 4 5 5 6 3 7 7 8 8 9
10 0 1 1 2 2 3 3 0 2 4 2 5 2 6 2 7 3 8 8 9
10 0 1 1 2 2 3 3 0 2 4 2 5 2 6 6 7 3 8 8 9
10 0 1 1 2 2 3 3 0 2 4 2 5 5 6 5 7 3 8 8 9
10 0 1 1 2 2 3 3 0 2 4 2 5 5 6 6 7 3 8 8 9
10 0 1 1 2 2 3 3 0 1 4 3 5 3 6 3 7 3 8 3 9
10 0 1 1 2 2 3 3 0 1 4 3 5 3 6 3 7 3 8 8 9
10 0 1 1 2 2 3 3 0 1 4 3 5 3 6 3 7 7 8 7 9
10 0 1 1 2 2 3 3 0 1 4 3 5 3 6 3 7 7 8 8 9
10 0 1 1 2 2 3 3 0 1 4 3 5 3 6 6 7 3 8 8 9
10 0 1 1 2 2 3 3 0 1 4 3 5 3 6 6 7 6 8 6 9
10 0 1 1 2 2 3 3 0 1 4 3 5 3 6 6 7 6 8 8 9
10 0 1 1 2 2 3 3 0 1 4 3 5 3 6 6 7 7 8 7 9
10 0 1 1 2 2 3 3 0 1 4 3 5 3 6 6 7 7 8 8 9
10 0 1 1 2 2 3 3 0 1 4 3 5 5 6 3 7 7 8 7 9
10 0 1 1 2 2 3 3 0 1 4 3 5 5 6 3 7 7 8 8 9
10 0 1 1 2 2 3 3 0 1 4 3 5 5 6 5 7 5 8 5 9
10 0 1 1 2 2 3 3 0 1 4 3 5 5 6 5 7 5 8 8 9
10 0 1 1 2 2 3 3 0 1 4 3 5 5 6 5 7 7 8 7 9
10 0 1 1 2 2 3 3 0 1 4 3 5 5 6 5 7 7 8 8 9
10 0 1 1 2 2 3 3 0 1 4 3 5 5 6 6 7 5 8 8 9
10 0 1 1 2 2 3 3 0 1 4 3 5 5 6 6 7 6 8 6 9
10 0 1 1 2 2 3 3 0 1 4 3 5 5 6 6 7 6 8 8 9
10 0 1 1 2 2 3 3 0 1 4 3 5 5 6 6 7 7 8 7 9
10 0 1 1 2 2 3 3 0 1 4 3 5 5 6 6 7 7 8 8 9
10 0 1 1 2 2 3 3 0 1 4 2 5 3 6 3 7 3 8 3 9
10 0 1 1 2 2 3 3 0 1 4 2 5 3 6 3 7 3 8 8 9
10 0 1 1 2 2 3 3 0 1 4 2 5 3 6 3 7 7 8 7 9
10 0 1 1 2 2 3 3 0 1 4 2 5 3 6 3 7 7 8 8 9
10 0 1 1 2 2 3 3 0 1 4 2 5 3 6 6 7 3 8 8 9
10 0 1 1 2 2 3 3 0 1 4 2 5 3 6 6 7 6 8 6 9
10 0 1 1 2 2 3 3 0 1 4 2 5 3 6 6 7 6 8 8 9
10 0 1 1 2 2 3 3 0 1 4 2 5 3 6 6 7 7 8 7 9
10 0 1 1 2 2 3 3 0 1 4 2 5 3 6 6 7 7 8 8 9
10 0 1 1 2 2 3 3 0 1 4 2 5 2 6 3 7 3 8 3 9
10 0 1 1 2 2 3 3 0 1 4 2 5 2 6 3 7 3 8 8 9
10 0 1 1 2 2 3 3 0 1 4 2 5 2 6 3 7 7 8 7 9
10 0 1 1 2 2 3 3 0 1 4 2 5 2 6 3 7 7 8 8 9
10 0 1 1 2 2 3 3 0 1 4 2 5 5 6 3 7 3 8 3 9
10 0 1 1 2 2 3 3 0 1 4 2 5 5 6 3 7 3 8 8 9
10 0 1 1 2 2 3 3 0 1 4 2 5 5 6 3 7 7 8 7 9
10 0 1 1 2 2 3 3 0 1 4 2 5 5 6 3 7 7 8 8 9
10 0 1 1 2 2 3 3 0 1 4 2 5 2 6 2 7 3 8 3 9
10 0 1 1 2 2 3 3 0 1 4 2 5 2 6 2 7 3 8 8 9
10 0 1 1 2 2 3 3 0 1 4 2 5 2 6 6 7 3 8 3 9
10 0 1 1 2 2 3 3 0 1 4 2 5 2 6 6 7 3 8 8 9
10 0 1 1 2 2 3 3 0 1 4 2 5 5 6 5 7 3 8 3 9
10 0 1 1 2 2 3 3 0 1 4 2 5 5 6 5 7 3 8 8 9
10 0 1 1 2 2 3 3 0 1 4 2 5 5 6 6 7 3 8 3 9
10 0 1 1 2 2 3 3 0 1 4 2 5 5 6 6 7 3 8 8 9
10 0 1 1 2 2 3 3 0 1 4 2 5 2 6 2 7 2 8 3 9
10 0 1 1 2 2 3 3 0 1 4 2 5 2 6 2 7 7 8 3 9
10 0 1 1 2 2 3 3 0 1 4 2 5 2 6 6 7 6 8 3 9
10 0 1 1 2 2 3 3 0 1 4 2 5 2 6 6 7 7 8 3 9
10 0 1 1 2 2 3 3 0 1 4 2 5 5 6 2 7 7 8 3 9
10 0 1 1 2 2 3 3 0 1 4 2 5 5 6 5 7 5 8 3 9
10 0 1 1 2 2 3 3 0 1 4 2 5 5 6 5 7 7 8 3 9
10 0 1 1 2 2 3 3 0 1 4 2 5 5 6 6 7 6 8 3 9
10 0 1 1 2 2 3 3 0 1 4 2 5 5 6 6 7 7 8 3 9
10 0 1 1 2 2 3 3 0 1 4 1 5 3 6 3 7 3 8 3 9
10 0 1 1 2 2 3 3 0 1 4 1 5 3 6 3 7 3 8 8 9
10 0 1 1 2 2 3 3 0 1 4 1 5 3 6 3 7 7 8 7 9
10 0 1 1 2 2 3 3 0 1 4 1 5 3 6 3 7 7 8 8 9
10 0 1 1 2 2 3 3 0 1 4 1 5 3 6 6 7 3 8 8 9
10 0 1 1 2 2 3 3 0 1 4 1 5 3 6 6 7 6 8 6 9
10 0 1 1 2 2 3 3 0 1 4 1 5 3 6 6 7 6 8 8 9
10 0 1 1 2 2 3 3 0 1 4 1 5 3 6 6 7 7 8 7 9
10 0 1 1 2 2 3 3 0 1 4 1 5 3 6 6 7 7 8 8 9
10 0 1 1 2 2 3 3 0 1 4 1 5 2 6 3 7 3 8 3 9
10 0 1 1 2 2 3 3 0 1 4 1 5 2 6 3 7 3 8 8 9
10 0 1 1 2 2 3 3 0 1 4 1 5 2 6 3 7 7 8 7 9
10 0 1 1 2 2 3 3 0 1 4 1 5 2 6 3 7 7 8 8 9
10 0 1 1 2 2 3 3 0 1 4 1 5 2 6 2 7 3 8 3 9
10 0 1 1 2 2 3 3 0 1 4 1 5 2 6 2 7 3 8 8 9
10 0 1 1 2 2 3 3 0 1 4 1 5 2 6 6 7 3 8 3 9
10 0 1 1 2 2 3 3 0 1 4 1 5 2 6 6 7 3 8 8 9
10 0 1 1 2 2 3 3 0 1 4 4 5 3 6 6 7 3 8 8 9
10 0 1 1 2 2 3 3 0 1 4 4 5 3 6 6 7 6 8 6 9
10 0 1 1 2 2 3 3 0 1 4 4 5 3 6 6 7 6 8 8 9
10 0 1 1 2 2 3 3 0 1 4 4 5 3 6 6 7 7 8 7 9
10 0 1 1 2 2 3 3 0 1 4 4 5 3 6 6 7 7 8 8 9
10 0 1 1 2 2 3 3 0 1 4 4 5 2 6 3 7 7 8 7 9
10 0 1 1 2 2 3 3 0 1 4 4 5 2 6 3 7 7 8 8 9
10 0 1 1 2 2 3 3 0 1 4 4 5 2 6 2 7 3 8 8 9
10 0 1 1 2 2 3 3 0 1 4 4 5 2 6 6 7 3 8 8 9
10 0 1 1 2 2 3 3 0 1 4 1 5 1 6 3 7 3 8 3 9
10 0 1 1 2 2 3 3 0 1 4 1 5 1 6 3 7 3 8 8 9
10 0 1 1 2 2 3 3 0 1 4 1 5 1 6 3 7 7 8 7 9
10 0 1 1 2 2 3 3 0 1 4 1 5 1 6 3 7 7 8 8 9
10 0 1 1 2 2 3 3 0 1 4 1 5 1 6 2 7 3 8 8 9
10 0 1 1 2 2 3 3 0 1 4 1 5 5 6 3 7 3 8 8 9
10 0 1 1 2 2 3 3 0 1 4 1 5 5 6 3 7 7 8 7 9
10 0 1 1 2 2 3 3 0 1 4 1 5 5 6 3 7 7 8 8 9
10 0 1 1 2 2 3 3 0 1 4 1 5 5 6 2 7 3 8 8 9
10 0 1 1 2 2 3 3 0 1 4 4 5 4 6 3 7 7 8 7 9
10 0 1 1 2 2 3 3 0 1 4 4 5 4 6 3 7 7 8 8 9
10 0 1 1 2 2 3 3 0 1 4 4 5 5 6 3 7 7 8 8 9
10 0 1 1 2 2 3 3 0 1 4 1 5 1 6 1 7 3 8 8 9
10 0 1 1 2 2 3 3 0 1 4 1 5 1 6 6 7 3 8 8 9
10 0 1 1 2 2 3 3 0 1 4 1 5 5 6 5 7 3 8 8 9
10 0 1 1 2 2 3 3 0 1 4 1 5 5 6 6 7 3 8 8 9
10 0 1 1 2 2 3 3 0 0 4 1 5 2 6 3 7 3 8 3 9
10 0 1 1 2 2 3 3 0 0 4 1 5 2 6 3 7 3 8 8 9
10 0 1 1 2 2 3 3 0 0 4 1 5 2 6 3 7 7 8 7 9
10 0 1 1 2 2 3 3 0 0 4 1 5 2 6 3 7 7 8 8 9
10 0 1 1 2 2 3 3 0 0 4 1 5 2 6 2 7 3 8 3 9
10 0 1 1 2 2 3 3 0 0 4 1 5 2 6 2 7 3 8 8 9
10 0 1 1 2 2 3 3 0 0 4 1 5 2 6 6 7 3 8 8 9
10 0 1 1 2 2 3 3 0 0 4 1 5 1 6 2 7 3 8 3 9
10 0 1 1 2 2 3 3 0 0 4 1 5 1 6 2 7 3 8 8 9
10 0 1 1 2 2 3 3 0 0 4 1 5 5 6 2 7 3 8 8 9
10 0 1 1 2 2 3 3 4 4 0 4 5 4 6 4 7 4 8 4 9
10 0 1 1 2 2 3 3 4 4 0 4 5 4 6 4 7 4 8 8 9
10 0 1 1 2 2 3 3 4 4 0 4 5 4 6 4 7 7 8 7 9
10 0 1 1 2 2 3 3 4 4 0 4 5 4 6 4 7 7 8 8 9
10 0 1 1 2 2 3 3 4 4 0 4 5 4 6 6 7 4 8 8 9
10 0 1 1 2 2 3 3 4 4 0 4 5 4 6 6 7 6 8 6 9
10 0 1 1 2 2 3 3 4 4 0 4 5 4 6 6 7 6 8 8 9
10 0 1 1 2 2 3 3 4 4 0 4 5 4 6 6 7 7 8 7 9
10 0 1 1 2 2 3 3 4 4 0 4 5 4 6 6 7 7 8 8 9
10 0 1 1 2 2 3 3 4 4 0 4 5 5 6 4 7 7 8 7 9
10 0 1 1 2 2 3 3 4 4 0 4 5 5 6 4 7 7 8 8 9
10 0 1 1 2 2 3 3 4 4 0 4 5 5 6 5 7 5 8 5 9
10 0 1 1 2 2 3 3 4 4 0 4 5 5 6 5 7 5 8 8 9
10 0 1 1 2 2 3 3 4 4 0 4 5 5 6 5 7 7 8 7 9
10 0 1 1 2 2 3 3 4 4 0 4 5 5 6 5 7 7 8 8 9
10 0 1 1 2 2 3 3 4 4 0 4 5 5 6 6 7 5 8 8 9
10 0 1 1 2 2 3 3 4 4 0 4 5 5 6 6 7 6 8 6 9
10 0 1 1 2 2 3 3 4 4 0 4 5 5 6 6 7 6 8 8 9
10 0 1 1 2 2 3 3 4 4 0 4 5 5 6 6 7 7 8 7 9
10 0 1 1 2 2 3 3 4 4 0 4 5 5 6 6 7 7 8 8 9
10 0 1 1 2 2 3 3 4 4 0 3 5 4 6 4 7 4 8 4 9
10 0 1 1 2 2 3 3 4 4 0 3 5 4 6 4 7 4 8 8 9
10 0 1 1 2 2 3 3 4 4 0 3 5 4 6 4 7 7 8 7 9
10 0 1 1 2 2 3 3 4 4 0 3 5 4 6 4 7 7 8 8 9
10 0 1 1 2 2 3 3 4 4 0 3 5 4 6 6 7 4 8 8 9
10 0 1 1 2 2 3 3 4 4 0 3 5 4 6 6 7 6 8 6 9
10 0 1 1 2 2 3 3 4 4 0 3 5 4 6 6 7 6 8 8 9
10 0 1 1 2 2 3 3 4 4 0 3 5 4 6 6 7 7 8 7 9
10 0 1 1 2 2 3 3 4 4 0 3 5 4 6 6 7 7 8 8 9
10 0 1 1 2 2 3 3 4 4 0 3 5 3 6 4 7 4 8 4 9
10 0 1 1 2 2 3 3 4 4 0 3 5 3 6 4 7 4 8 8 9
10 0 1 1 2 2 3 3 4 4 0 3 5 3 6 4 7 7 8 7 9
10 0 1 1 2 2 3 3 4 4 0 3 5 3 6 4 7 7 8 8 9
10 0 1 1 2 2 3 3 4 4 0 3 5 5 6 4 7 7 8 7 9
10 0 1 1 2 2 3 3 4 4 0 3 5 5 6 4 7 7 8 8 9
10 0 1 1 2 2 3 3 4 4 0 3 5 3 6 3 7 4 8 8 9
10 0 1 1 2 2 3 3 4 4 0 3 5 3 6 6 7 4 8 8 9
10 0 1 1 2 2 3 3 4 4 0 2 5 4 6 4 7 4 8 4 9
10 0 1 1 2 2 3 3 4 4 0 2 5 4 6 4 7 4 8 8 9
10 0 1 1 2 2 3 3 4 4 0 2 5 4 6 4 7 7 8 7 9
10 0 1 1 2 2 3 3 4 4 0 2 5 4 6 4 7 7 8 8 9
10 0 1 1 2 2 3 3 4 4 0 2 5 4 6 6 7 4 8 8 9
10 0 1 1 2 2 3 3 4 4 0 2 5 4 6 6 7 6 8 6 9
10 0 1 1 2 2 3 3 4 4 0 2 5 4 6 6 7 6 8 8 9
10 0 1 1 2 2 3 3 4 4 0 2 5 4 6 6 7 7 8 7 9
10 0 1 1 2 2 3 3 4 4 0 2 5 4 6 6 7 7 8 8 9
10 0 1 1 2 2 3 3 4 4 0 2 5 3 6 4 7 4 8 4 9
10 0 1 1 2 2 3 3 4 4 0 2 5 3 6 4 7 4 8 8 9
10 0 1 1 2 2 3 3 4 4 0 2 5 3 6 4 7 7 8 7 9
10 0 1 1 2 2 3 3 4 4 0 2 5 3 6 4 7 7 8 8 9
10 0 1 1 2 2 3 3 4 4 0 2 5 3 6 3 7 4 8 4 9
10 0 1 1 2 2 3 3 4 4 0 2 5 3 6 3 7 4 8 8 9
10 0 1 1 2 2 3 3 4 4 0 2 5 3 6 6 7 4 8 4 9
10 0 1 1 2 2 3 3 4 4 0 2 5 3 6 6 7 4 8 8 9
10 0 1 1 2 2 3 3 4 4 0 2 5 3 6 3 7 3 8 4 9
10 0 1 1 2 2 3 3 4 4 0 2 5 3 6 3 7 7 8 4 9
10 0 1 1 2 2 3 3 4 4 0 2 5 3 6 6 7 6 8 4 9
10 0 1 1 2 2 3 3 4 4 0 2 5 3 6 6 7 7 8 4 9
10 0 1 1 2 2 3 3 4 4 0 2 5 2 6 4 7 4 8 4 9
10 0 1 1 2 2 3 3 4 4 0 2 5 2 6 4 7 4 8 8 9
10 0 1 1 2 2 3 3 4 4 0 2 5 2 6 4 7 7 8 7 9
10 0 1 1 2 2 3 3 4 4 0 2 5 2 6 4 7 7 8 8 9
10 0 1 1 2 2 3 3 4 4 0 2 5 2 6 3 7 4 8 4 9
10 0 1 1 2 2 3 3 4 4 0 2 5 2 6 3 7 4 8 8 9
10 0 1 1 2 2 3 3 4 4 0 2 5 5 6 4 7 7 8 7 9
10 0 1 1 2 2 3 3 4 4 0 2 5 5 6 4 7 7 8 8 9
10 0 1 1 2 2 3 3 4 4 0 2 5 5 6 3 7 4 8 8 9
10 0 1 1 2 2 3 3 4 4 0 2 5 2 6 2 7 4 8 8 9
10 0 1 1 2 2 3 3 4 4 0 2 5 2 6 6 7 4 8 8 9
10 0 1 1 2 2 3 3 4 4 0 1 5 3 6 4 7 4 8 4 9
10 0 1 1 2 2 3 3 4 4 0 1 5 3 6 4 7 4 8 8 9
10 0 1 1 2 2 3 3 4 4 0 1 5 3 6 4 7 7 8 7 9
10 0 1 1 2 2 3 3 4 4 0 1 5 3 6 4 7 7 8 8 9
10 0 1 1 2 2 3 3 4 4 0 1 5 3 6 3 7 4 8 4 9
10 0 1 1 2 2 3 3 4 4 0 1 5 3 6 3 7 4 8 8 9
10 0 1 1 2 2 3 3 4 4 0 1 5 3 6 6 7 4 8 8 9
10 0 1 1 2 2 3 3 4 4 0 1 5 2 6 4 7 4 8 4 9
10 0 1 1 2 2 3 3 4 4 0 1 5 2 6 4 7 4 8 8 9
10 0 1 1 2 2 3 3 4 4 0 1 5 2 6 4 7 7 8 7 9
10 0 1 1 2 2 3 3 4 4 0 1 5 2 6 4 7 7 8 8 9
10 0 1 1 2 2 3 3 4 4 0 1 5 2 6 3 7 4 8 4 9
10 0 1 1 2 2 3 3 4 4 0 1 5 2 6 3 7 4 8 8 9
10 0 1 1 2 2 3 3 4 4 0 1 5 2 6 3 7 3 8 4 9
10 0 1 1 2 2 3 3 4 4 0 1 5 2 6 3 7 7 8 4 9
10 0 1 1 2 2 3 3 4 4 0 1 5 2 6 2 7 4 8 4 9
10 0 1 1 2 2 3 3 4 4 0 1 5 2 6 2 7 4 8 8 9
10 0 1 1 2 2 3 3 4 4 0 1 5 2 6 6 7 4 8 4 9
10 0 1 1 2 2 3 3 4 4 0 1 5 2 6 6 7 4 8 8 9
10 0 1 1 2 2 3 3 4 4 0 0 5 1 6 2 7 3 8 4 9
10 0 1 1 2 2 3 3 4 4 5 5 0 5 6 5 7 5 8 5 9
10 0 1 1 2 2 3 3 4 4 5 5 0 5 6 5 7 5 8 8 9
10 0 1 1 2 2 3 3 4 4 5 5 0 5 6 5 7 7 8 7 9
10 0 1 1 2 2 3 3 4 4 5 5 0 5 6 5 7 7 8 8 9
10 0 1 1 2 2 3 3 4 4 5 5 0 5 6 6 7 5 8 8 9
10 0 1 1 2 2 3 3 4 4 5 5 0 5 6 6 7 6 8 6 9
10 0 1 1 2 2 3 3 4 4 5 5 0 5 6 6 7 6 8 8 9
10 0 1 1 2 2 3 3 4 4 5 5 0 5 6 6 7 7 8 7 9
10 0 1 1 2 2 3 3 4 4 5 5 0 5 6 6 7 7 8 8 9
10 0 1 1 2 2 3 3 4 4 5 5 0 4 6 5 7 5 8 5 9
10 0 1 1 2 2 3 3 4 4 5 5 0 4 6 5 7 5 8 8 9
10 0 1 1 2 2 3 3 4 4 5 5 0 4 6 5 7 7 8 7 9
10 0 1 1 2 2 3 3 4 4 5 5 0 4 6 5 7 7 8 8 9
10 0 1 1 2 2 3 3 4 4 5 5 0 4 6 4 7 5 8 5 9
10 0 1 1 2 2 3 3 4 4 5 5 0 4 6 4 7 5 8 8 9
10 0 1 1 2 2 3 3 4 4 5 5 0 4 6 6 7 5 8 8 9
10 0 1 1 2 2 3 3 4 4 5 5 0 3 6 5 7 5 8 5 9
10 0 1 1 2 2 3 3 4 4 5 5 0 3 6 5 7 5 8 8 9
10 0 1 1 2 2 3 3 4 4 5 5 0 3 6 5 7 7 8 7 9
10 0 1 1 2 2 3 3 4 4 5 5 0 3 6 5 7 7 8 8 9
10 0 1 1 2 2 3 3 4 4 5 5 0 3 6 4 7 5 8 5 9
10 0 1 1 2 2 3 3 4 4 5 5 0 3 6 4 7 5 8 8 9
10 0 1 1 2 2 3 3 4 4 5 5 0 3 6 4 7 4 8 5 9
10 0 1 1 2 2 3 3 4 4 5 5 0 3 6 4 7 7 8 5 9
10 0 1 1 2 2 3 3 4 4 5 5 0 3 6 3 7 5 8 5 9
10 0 1 1 2 2 3 3 4 4 5 5 0 3 6 3 7 5 8 8 9
10 0 1 1 2 2 3 3 4 4 5 5 0 3 6 6 7 5 8 8 9
10 0 1 1 2 2 3 3 4 4 5 5 0 2 6 5 7 5 8 5 9
10 0 1 1 2 2 3 3 4 4 5 5 0 2 6 5 7 5 8 8 9
10 0 1 1 2 2 3 3 4 4 5 5 0 2 6 5 7 7 8 7 9
10 0 1 1 2 2 3 3 4 4 5 5 0 2 6 5 7 7 8 8 9
10 0 1 1 2 2 3 3 4 4 5 5 0 2 6 4 7 5 8 5 9
10 0 1 1 2 2 3 3 4 4 5 5 0 2 6 4 7 5 8 8 9
10 0 1 1 2 2 3 3 4 4 5 5 0 2 6 4 7 4 8 5 9
10 0 1 1 2 2 3 3 4 4 5 5 0 2 6 4 7 7 8 5 9
10 0 1 1 2 2 3 3 4 4 5 5 0 2 6 3 7 5 8 5 9
10 0 1 1 2 2 3 3 4 4 5 5 0 2 6 3 7 5 8 8 9
10 0 1 1 2 2 3 3 4 4 5 5 0 2 6 3 7 4 8 5 9
10 0 1 1 2 2 3 3 4 4 5 5 0 2 6 2 7 5 8 5 9
10 0 1 1 2 2 3 3 4 4 5 5 0 2 6 2 7 5 8 8 9
10 0 1 1 2 2 3 3 4 4 5 5 0 2 6 6 7 5 8 8 9
10 0 1 1 2 2 3 3 4 4 5 5 0 1 6 3 7 5 8 5 9
10 0 1 1 2 2 3 3 4 4 5 5 0 1 6 3 7 5 8 8 9
10 0 1 1 2 2 3 3 4 4 5 5 0 1 6 3 7 4 8 5 9
10 0 1 1 2 2 3 3 4 4 5 5 0 1 6 2 7 4 8 5 9
10 0 1 1 2 2 3 3 4 4 5 5 6 6 0 6 7 6 8 6 9
10 0 1 1 2 2 3 3 4 4 5 5 6 6 0 6 7 6 8 8 9
10 0 1 1 2 2 3 3 4 4 5 5 6 6 0 6 7 7 8 7 9
10 0 1 1 2 2 3 3 4 4 5 5 6 6 0 6 7 7 8 8 9
10 0 1 1 2 2 3 3 4 4 5 5 6 6 0 5 7 6 8 6 9
10 0 1 1 2 2 3 3 4 4 5 5 6 6 0 5 7 6 8 8 9
10 0 1 1 2 2 3 3 4 4 5 5 6 6 0 4 7 6 8 6 9
10 0 1 1 2 2 3 3 4 4 5 5 6 6 0 4 7 6 8 8 9
10 0 1 1 2 2 3 3 4 4 5 5 6 6 0 4 7 5 8 6 9
10 0 1 1 2 2 3 3 4 4 5 5 6 6 0 3 7 6 8 6 9
10 0 1 1 2 2 3 3 4 4 5 5 6 6 0 3 7 6 8 8 9
10 0 1 1 2 2 3 3 4 4 5 5 6 6 0 3 7 5 8 6 9
10 0 1 1 2 2 3 3 4 4 5 5 6 6 0 2 7 5 8 6 9
10 0 1 1 2 2 3 3 4 4 5 5 6 6 0 2 7 4 8 6 9
10 0 1 1 2 2 3 3 4 4 5 5 6 6 7 7 0 7 8 7 9
10 0 1 1 2 2 3 3 4 4 5 5 6 6 7 7 0 7 8 8 9
10 0 1 1 2 2 3 3 4 4 5 5 6 6 7 7 0 6 8 7 9
10 0 1 1 2 2 3 3 4 4 5 5 6 6 7 7 0 5 8 7 9
10 0 1 1 2 2 3 3 4 4 5 5 6 6 7 7 0 4 8 7 9
10 0 1 1 2 2 3 3 4 4 5 5 6 6 7 7 0 3 8 7 9
10 0 1 1 2 2 3 3 4 4 5 5 6 6 7 7 8 8 0 8 9
10 0 1 1 2 2 3 3 4 4 5 5 6 6 7 7 8 8 9 9 0
