8 0 1 1 2 2 0 2 3 2 4 2 5 2 6 2 7
8 0 1 1 2 2 0 2 3 2 4 2 5 2 6 6 7
8 0 1 1 2 2 0 2 3 2 4 2 5 5 6 5 7
8 0 1 1 2 2 0 2 3 2 4 2 5 5 6 6 7
8 0 1 1 2 2 0 2 3 2 4 4 5 2 6 6 7
8 0 1 1 2 2 0 2 3 2 4 4 5 4 6 4 7
8 0 1 1 2 2 0 2 3 2 4 4 5 4 6 6 7
8 0 1 1 2 2 0 2 3 2 4 4 5 5 6 5 7
8 0 1 1 2 2 0 2 3 2 4 4 5 5 6 6 7
8 0 1 1 2 2 0 2 3 3 4 2 5 5 6 5 7
8 0 1 1 2 2 0 2 3 3 4 2 5 5 6 6 7
8 0 1 1 2 2 0 2 3 3 4 3 5 3 6 3 7
8 0 1 1 2 2 0 2 3 3 4 3 5 3 6 6 7
8 0 1 1 2 2 0 2 3 3 4 3 5 5 6 5 7
8 0 1 1 2 2 0 2 3 3 4 3 5 5 6 6 7
8 0 1 1 2 2 0 2 3 3 4 4 5 3 6 6 7
8 0 1 1 2 2 0 2 3 3 4 4 5 4 6 4 7
8 0 1 1 2 2 0 2 3 3 4 4 5 4 6 6 7
8 0 1 1 2 2 0 2 3 3 4 4 5 5 6 5 7
8 0 1 1 2 2 0 2 3 3 4 4 5 5 6 6 7
8 0 1 1 2 2 0 1 3 2 4 2 5 2 6 2 7
8 0 1 1 2 2 0 1 3 2 4 2 5 2 6 6 7
8 0 1 1 2 2 0 1 3 2 4 2 5 5 6 5 7
8 0 1 1 2 2 0 1 3 2 4 2 5 5 6 6 7
8 0 1 1 2 2 0 1 3 2 4 4 5 2 6 6 7
8 0 1 1 2 2 0 1 3 2 4 4 5 4 6 4 7
8 0 1 1 2 2 0 1 3 2 4 4 5 4 6 6 7
8 0 1 1 2 2 0 1 3 2 4 4 5 5 6 5 7
8 0 1 1 2 2 0 1 3 2 4 4 5 5 6 6 7
8 0 1 1 2 2 0 1 3 1 4 2 5 2 6 2 7
8 0 1 1 2 2 0 1 3 1 4 2 5 2 6 6 7
8 0 1 1 2 2 0 1 3 1 4 2 5 5 6 5 7
8 0 1 1 2 2 0 1 3 1 4 2 5 5 6 6 7
8 0 1 1 2 2 0 1 3 3 4 2 5 5 6 5 7
8 0 1 1 2 2 0 1 3 3 4 2 5 5 6 6 7
8 0 1 1 2 2 0 1 3 1 4 1 5 2 6 6 7
8 0 1 1 2 2 0 1 3 1 4 4 5 2 6 6 7
8 0 1 1 2 2 0 0 3 1 4 2 5 2 6 2 7
8 0 1 1 2 2 0 0 3 1 4 2 5 2 6 6 7
8 0 1 1 2 2 0 0 3 1 4 2 5 5 6 5 7
8 0 1 1 2 2 0 0 3 1 4 2 5 5 6 6 7
8 0 1 1 2 2 0 0 3 1 4 1 5 2 6 2 7
8 0 1 1 2 2 0 0 3 1 4 1 5 2 6 6 7
8 0 1 1 2 2 0 0 3 1 4 4 5 2 6 6 7
8 0 1 1 2 2 3 3 0 3 4 3 5 3 6 3 7
8 0 1 1 2 2 3 3 0 3 4 3 5 3 6 6 7
8 0 1 1 2 2 3 3 0 3 4 3 5 5 6 5 7
8 0 1 1 2 2 3 3 0 3 4 3 5 5 6 6 7
8 0 1 1 2 2 3 3 0 3 4 4 5 3 6 6 7
8 0 1 1 2 2 3 3 0 3 4 4 5 4 6 4 7
8 0 1 1 2 2 3 3 0 3 4 4 5 4 6 6 7
8 0 1 1 2 2 3 3 0 3 4 4 5 5 6 5 7
8 0 1 1 2 2 3 3 0 3 4 4 5 5 6 6 7
8 0 1 1 2 2 3 3 0 2 4 3 5 3 6 3 7
8 0 1 1 2 2 3 3 0 2 4 3 5 3 6 6 7
8 0 1 1 2 2 3 3 0 2 4 3 5 5 6 5 7
8 0 1 1 2 2 3 3 0 2 4 3 5 5 6 6 7
8 0 1 1 2 2 3 3 0 2 4 2 5 3 6 3 7
8 0 1 1 2 2 3 3 0 2 4 2 5 3 6 6 7
8 0 1 1 2 2 3 3 0 2 4 4 5 3 6 6 7
8 0 1 1 2 2 3 3 0 1 4 3 5 3 6 3 7
8 0 1 1 2 2 3 3 0 1 4 3 5 3 6 6 7
8 0 1 1 2 2 3 3 0 1 4 3 5 5 6 5 7
8 0 1 1 2 2 3 3 0 1 4 3 5 5 6 6 7
8 0 1 1 2 2 3 3 0 1 4 2 5 3 6 3 7
8 0 1 1 2 2 3 3 0 1 4 2 5 3 6 6 7
8 0 1 1 2 2 3 3 0 1 4 2 5 2 6 3 7
8 0 1 1 2 2 3 3 0 1 4 2 5 5 6 3 7
8 0 1 1 2 2 3 3 0 1 4 1 5 3 6 3 7
8 0 1 1 2 2 3 3 0 1 4 1 5 3 6 6 7
8 0 1 1 2 2 3 3 0 1 4 4 5 3 6 6 7
8 0 1 1 2 2 3 3 0 0 4 1 5 2 6 3 7
8 0 1 1 2 2 3 3 4 4 0 4 5 4 6 4 7
8 0 1 1 2 2 3 3 4 4 0 4 5 4 6 6 7
8 0 1 1 2 2 3 3 4 4 0 4 5 5 6 5 7
8 0 1 1 2 2 3 3 4 4 0 4 5 5 6 6 7
8 0 1 1 2 2 3 3 4 4 0 3 5 4 6 4 7
8 0 1 1 2 2 3 3 4 4 0 3 5 4 6 6 7
8 0 1 1 2 2 3 3 4 4 0 2 5 4 6 4 7
8 0 1 1 2 2 3 3 4 4 0 2 5 4 6 6 7
8 0 1 1 2 2 3 3 4 4 0 2 5 3 6 4 7
8 0 1 1 2 2 3 3 4 4 0 1 5 3 6 4 7
8 0 1 1 2 2 3 3 4 4 5 5 0 5 6 5 7
8 0 1 1 2 2 3 3 4 4 5 5 0 5 6 6 7
8 0 1 1 2 2 3 3 4 4 5 5 0 4 6 5 7
8 0 1 1 2 2 3 3 4 4 5 5 0 3 6 5 7
8 0 1 1 2 2 3 3 4 4 5 5 0 2 6 5 7
8 0 1 1 2 2 3 3 4 4 5 5 6 6 0 6 7
8 0 1 1 2 2 3 3 4 4 5 5 6 6 7 7 0
